[41492.6401971412218.57.146.145]
IP=218.57.146.145
port=21
user=peixun
pass=D471E765E468F81F60A3E5
options=3030333000033001103000010003333000001002000133203
created=41492.6401971412
Proxy=0
ID=014035D0

[41521.5861264815218.57.146.145]
IP=218.57.146.145
port=21
user=peixun
pass=B52BA829AB10AC28B529903494
options=3030333000033001103000010003333000001002000133203
created=41521.5861264815
Proxy=0
ID=B0748E3D

[41567.7126670949previewftp]
IP=previewftp
port=21
user=anonymous
anonymous=1
options=3030333000033001103000010003333000001002000133003
created=41567.7126670949
Proxy=0
ID=8D5CDADF

[41780.433695081≤‚ ‘ST]
IP=≤‚ ‘ST
port=21
user=anonymous
anonymous=1
options=3030333000033001103000010003333000001002000133003
created=41780.433695081
Proxy=0
ID=4DDE0E87
